[gd_scene load_steps=11 format=3 uid="uid://spsh7ery60kj"]

[ext_resource type="PackedScene" uid="uid://cui7lalga4frl" path="res://assets/entities/player/player.tscn" id="1_4if3s"]
[ext_resource type="PackedScene" uid="uid://d2sedkhjl3hgd" path="res://assets/models/cargo.gltf" id="2_7uvwb"]
[ext_resource type="PackedScene" uid="uid://dj61lycasaeyh" path="res://assets/models/grid_tile_large.gltf" id="3_4bdbd"]
[ext_resource type="PackedScene" uid="uid://cbw52p5ystp20" path="res://assets/models/pillar.gltf" id="4_j6wtj"]
[ext_resource type="PackedScene" uid="uid://ce46gochwcpnj" path="res://assets/models/box.gltf" id="5_ep37g"]
[ext_resource type="PackedScene" uid="uid://n2tfm8tauh4o" path="res://assets/models/fence.gltf" id="6_h3smx"]

[sub_resource type="Environment" id="Environment_cmxui"]
background_mode = 1
background_color = Color(0.929412, 0.929412, 0.678431, 1)
ambient_light_color = Color(0.776471, 0.494118, 0.639216, 1)

[sub_resource type="CylinderShape3D" id="CylinderShape3D_jf5do"]
height = 1.0
radius = 20.0

[sub_resource type="StandardMaterial3D" id="StandardMaterial3D_ojl3h"]
albedo_color = Color(0.690196, 0.666667, 0.454902, 1)

[sub_resource type="CylinderMesh" id="CylinderMesh_eg6yx"]
material = SubResource("StandardMaterial3D_ojl3h")
top_radius = 20.0
bottom_radius = 20.0
height = 1.0

[node name="Level" type="Node3D"]

[node name="WorldEnvironment" type="WorldEnvironment" parent="."]
environment = SubResource("Environment_cmxui")

[node name="DirectionalLight3D" type="DirectionalLight3D" parent="."]
transform = Transform3D(1, 0, 0, 0, -0.866025, 0.5, 0, -0.5, -0.866025, 0, 7.5, 0)
light_color = Color(0.956863, 0.913725, 0.333333, 1)
light_energy = 2.0
shadow_enabled = true

[node name="DirectionalLight3D2" type="DirectionalLight3D" parent="."]
transform = Transform3D(1, 0, 0, 0, 0.866025, 0.5, 0, -0.5, 0.866025, 0, 7.5, 0)
light_color = Color(0.870588, 0.713726, 0.956863, 1)

[node name="Level1" type="Node3D" parent="."]

[node name="StaticBody3D" type="StaticBody3D" parent="Level1"]
transform = Transform3D(1, 0, 0, 0, 1, 0, 0, 0, 1, 0, -0.5, 0)

[node name="CollisionShape3D" type="CollisionShape3D" parent="Level1/StaticBody3D"]
shape = SubResource("CylinderShape3D_jf5do")

[node name="MeshInstance3D" type="MeshInstance3D" parent="Level1/StaticBody3D"]
mesh = SubResource("CylinderMesh_eg6yx")

[node name="Label3D" type="Label3D" parent="Level1"]
transform = Transform3D(1, 0, 0, 0, 0.965926, -0.258819, 0, 0.258819, 0.965926, 0, 20, -42.0308)
modulate = Color(1, 0.192157, 0.356863, 1)
outline_modulate = Color(0.498039, 0.219608, 0.266667, 1)
text = "LEVEL ONE"
font_size = 2000
outline_size = 100

[node name="Player" parent="Level1" instance=ExtResource("1_4if3s")]
transform = Transform3D(1, 0, 0, 0, 1, 0, 0, 0, 1, -1.5, 0.5, 16.5)

[node name="cargo" parent="Level1" instance=ExtResource("2_7uvwb")]
transform = Transform3D(0.965926, 0, 0.258819, 0, 1, 0, -0.258819, 0, 0.965926, 12, 0, -1)

[node name="cargo2" parent="Level1" instance=ExtResource("2_7uvwb")]
transform = Transform3D(1, 0, 0, 0, 1, 0, 0, 0, 1, -6.5, 0, 9)

[node name="cargo3" parent="Level1" instance=ExtResource("2_7uvwb")]
transform = Transform3D(0.707107, 0, -0.707107, 0, 1, 0, 0.707107, 0, 0.707107, -15, 0, -8.5)

[node name="grid_tile_large" parent="Level1" instance=ExtResource("3_4bdbd")]
transform = Transform3D(0.258819, 0, 0.965926, 0, 1, 0, -0.965926, 0, 0.258819, 2.6, 0, 1.9)

[node name="grid_tile_large3" parent="Level1" instance=ExtResource("3_4bdbd")]
transform = Transform3D(0.906308, 0, 0.422618, 0, 1, 0, -0.422618, 0, 0.906308, 0.25, 0, 4.7)

[node name="grid_tile_large2" parent="Level1" instance=ExtResource("3_4bdbd")]
transform = Transform3D(0.965926, 0, -0.258819, 0, 1, 0, 0.258819, 0, 0.965926, 5.05, 0, 0.45)

[node name="pillar" parent="Level1" instance=ExtResource("4_j6wtj")]
transform = Transform3D(1, 0, 0, 0, 1, 0, 0, 0, 1, 7, 0, 1)

[node name="pillar2" parent="Level1" instance=ExtResource("4_j6wtj")]
transform = Transform3D(0.943002, 0, -0.332787, 0, 1, 0, 0.332787, 0, 0.943002, 3.13229, 0, -0.0460442)

[node name="pillar3" parent="Level1" instance=ExtResource("4_j6wtj")]
transform = Transform3D(0.943002, 0, -0.332787, 0, 1, 0, 0.332787, 0, 0.943002, 2.09665, 0, 3.83242)

[node name="grid_tile_large4" parent="Level1" instance=ExtResource("3_4bdbd")]
transform = Transform3D(-0.707107, 0, 0.707107, 0, 1, 0, -0.707107, 0, -0.707107, 4.10876, 0, 13.4061)

[node name="pillar5" parent="Level1" instance=ExtResource("4_j6wtj")]
transform = Transform3D(0.759703, 0, 0.650271, 0, 1, 0, -0.650271, 0, 0.759703, 2.68958, 0, 11.9721)

[node name="pillar6" parent="Level1" instance=ExtResource("4_j6wtj")]
transform = Transform3D(0.759703, 0, 0.650271, 0, 1, 0, -0.650271, 0, 0.759703, 5.5306, 0, 14.8082)

[node name="grid_tile_large5" parent="Level1" instance=ExtResource("3_4bdbd")]
transform = Transform3D(0.965926, 0, 0.258819, 0, 1, 0, -0.258819, 0, 0.965926, 7.53969, 0, 14.3329)

[node name="pillar7" parent="Level1" instance=ExtResource("4_j6wtj")]
transform = Transform3D(0.183299, 0, -0.983057, 0, 1, 0, 0.983057, 0, 0.183299, 9.49116, 0, 13.8209)

[node name="pillar4" parent="Level1" instance=ExtResource("4_j6wtj")]
transform = Transform3D(0.714009, 0, -0.700137, 0, 1, 0, 0.700137, 0, 0.714009, -1.50335, 0, 5.58242)

[node name="box" parent="Level1" instance=ExtResource("5_ep37g")]
transform = Transform3D(1.73205, 0, 1, 0, 2, 0, -1, 0, 1.73205, 0.984812, 0, 5.60953)

[node name="box4" parent="Level1" instance=ExtResource("5_ep37g")]
transform = Transform3D(1.73205, 0, 1, 0, 2, 0, -1, 0, 1.73205, -5.01519, -0.111007, -4.39047)

[node name="box5" parent="Level1" instance=ExtResource("5_ep37g")]
transform = Transform3D(1.73205, 0, 1, 0, 2, 0, -1, 0, 1.73205, -7.51519, -0.111007, -4.39047)

[node name="box6" parent="Level1" instance=ExtResource("5_ep37g")]
transform = Transform3D(1.73205, 0, 1, 0, 2, 0, -1, 0, 1.73205, -6.01519, -0.111007, -6.39047)

[node name="box7" parent="Level1" instance=ExtResource("5_ep37g")]
transform = Transform3D(1.93185, 0, -0.517638, 0, 1.2, 0, 0.517638, 0, 1.93185, -5.80468, 1.88899, -5.02643)

[node name="box2" parent="Level1" instance=ExtResource("5_ep37g")]
transform = Transform3D(1.38564, 0, 0.8, 0, 1.6, 0, -0.8, 0, 1.38564, 2.62281, 0, 6.80909)

[node name="box3" parent="Level1" instance=ExtResource("5_ep37g")]
transform = Transform3D(0.936816, 0, -0.891732, 0, 1.6, 0, 1.29706, 0, 0.644061, 2.54251, 0, 4.75482)

[node name="fence" parent="Level1" instance=ExtResource("6_h3smx")]
transform = Transform3D(0.191186, 0, -0.981554, 0, 1, 0, 0.981554, 0, 0.191186, -19, 0, 3.8)

[node name="fence2" parent="Level1" instance=ExtResource("6_h3smx")]
transform = Transform3D(0.294891, 0, -0.955531, 0, 1, 0, 0.955531, 0, 0.294891, -18.4977, 0, 5.75504)

[node name="fence3" parent="Level1" instance=ExtResource("6_h3smx")]
transform = Transform3D(0.329328, 0, -0.944216, 0, 1, 0, 0.944216, 0, 0.329328, -17.8682, 0, 7.68377)
