[gd_scene load_steps=23 format=3 uid="uid://bmw8verfxhid5"]

[ext_resource type="PackedScene" uid="uid://mps8ru1q0rg4" path="res://assets/models/junkbox_large.gltf" id="1_474ec"]
[ext_resource type="PackedScene" uid="uid://cm7buvpa5tb6l" path="res://assets/models/grid_tile.gltf" id="2_wd5bc"]
[ext_resource type="PackedScene" uid="uid://c2ilppm5okfo1" path="res://assets/models/jumper/jumper.gltf" id="3_a6lkq"]
[ext_resource type="PackedScene" uid="uid://d2sedkhjl3hgd" path="res://assets/models/cargo.gltf" id="3_wk37n"]
[ext_resource type="PackedScene" uid="uid://cn85e0rqj1dj0" path="res://assets/models/junkbox.gltf" id="4_hsoyd"]
[ext_resource type="PackedScene" uid="uid://dj61lycasaeyh" path="res://assets/models/grid_tile_large.gltf" id="5_ria5b"]
[ext_resource type="PackedScene" uid="uid://cbw52p5ystp20" path="res://assets/models/pillar.gltf" id="6_fhla5"]
[ext_resource type="PackedScene" uid="uid://ccehc0dq7pm8s" path="res://assets/models/wheel.gltf" id="7_1x57b"]
[ext_resource type="PackedScene" uid="uid://c7r1m2k46100u" path="res://assets/models/cargo_red.gltf" id="7_rvhlx"]
[ext_resource type="PackedScene" uid="uid://craylftkig3ns" path="res://assets/models/rock.gltf" id="8_hulgm"]
[ext_resource type="PackedScene" uid="uid://n2tfm8tauh4o" path="res://assets/models/fence.gltf" id="9_1qet8"]
[ext_resource type="PackedScene" uid="uid://ce46gochwcpnj" path="res://assets/models/box.gltf" id="11_oy7m2"]
[ext_resource type="PackedScene" uid="uid://ck8ul36t10yhw" path="res://assets/models/grid_tile_big.gltf" id="14_pomvp"]
[ext_resource type="PackedScene" uid="uid://b2d401h3bfcbe" path="res://assets/models/stairs.gltf" id="15_1dwnl"]
[ext_resource type="PackedScene" uid="uid://cr5oajdbdw48a" path="res://assets/models/wooden_tile_large.gltf" id="16_rv5ek"]
[ext_resource type="PackedScene" uid="uid://ktlfq8bxm44a" path="res://assets/models/stairs_desk.gltf" id="17_63qkq"]
[ext_resource type="PackedScene" uid="uid://bd8fvpb2oetcn" path="res://assets/entities/levels/teleport_back_zone.tscn" id="17_bq8cq"]
[ext_resource type="PackedScene" uid="uid://calopp2kof350" path="res://assets/entities/levels/teleport_next_level.tscn" id="18_uhr2r"]

[sub_resource type="NavigationMesh" id="NavigationMesh_5xwtj"]
vertices = PackedVector3Array(-2, 0.5, -13, -1, 0.5, -12.75, -0.75, 0.5, -13, -0.75, 0.5, -14, -2, 0.5, -13, -0.75, 0.5, -14, 2.25, 0.5, -17, 3, 0.5, -19.25, -4.25, 0.5, -19.25, -7, 0.5, -14.25, 2.25, 0.5, -17, 2.75, 0.5, -17, 3, 0.5, -19.25, -7.5, 0.5, -11.5, -5.5, 0.5, -10.25, -4.5, 0.5, -10.5, -2, 0.5, -13, -7, 0.5, -14.25, -7.5, 0.5, -18.25, -7.5, 0.5, -14.75, -7, 0.5, -14.25, -4.25, 0.5, -19.25, -12, 0.5, -15.5, -11.5, 0.5, -14.75, -7.5, 0.5, -14.75, -7.5, 0.5, -18.25, 6.25, 0.5, -13.75, 5.75, 0.5, -12.5, 6.25, 0.5, -12.25, 7.25, 0.5, -12.5, 7.5, 0.5, -18.25, 3, 0.5, -19.25, 3.25, 0.5, -17, 6.25, 0.5, -13.75, 3, 0.5, -19.25, 2.75, 0.5, -17, 3.25, 0.5, -17, 11.25, 0.5, -13, 13.25, 0.5, -14.25, 12.25, 0.5, -15.5, 9, 0.5, -10.5, 11.75, 0.5, -11.5, 11.25, 0.5, -13, 7.25, 0.5, -12.5, 9, 0.5, -10.5, 11.25, 0.5, -13, 12.25, 0.5, -15.5, 7.5, 0.5, -18.25, 6.25, 0.5, -13.75, -12, 0.5, -14.5, -11.5, 0.5, -14.75, -12, 0.5, -15.5, -14, 0.5, -14, -6.5, 0.5, -8.5, -5.5, 0.5, -9.25, -5.5, 0.5, -10.25, -7.75, 0.5, -11, -9.5, 0.5, -10.5, -9.25, 0.5, -8.5, -9.5, 0.5, -11, -10, 0.5, -11.5, -11.5, 0.5, -11.5, -16.5, 0.5, -10.5, -9.5, 0.5, -10.5, -11.5, 0.5, -11.5, -12, 0.5, -14.5, -14, 0.5, -14, -16.5, 0.5, -10.5, -5.5, 0.5, -10.25, -7.5, 0.5, -11.5, -7.75, 0.5, -11, -9.5, 0.5, -10.5, -7.75, 0.5, -11, -9.5, 0.5, -11, 2, 0.5, -5.75, 3, 0.5, -5.5, 3.25, 0.5, -5.75, 3, 0.5, -6.75, 0.25, 0.5, -12.75, -0.75, 0.5, -13, -1, 0.5, -12.75, -1, 0.5, -11.75, 6.25, 0.5, -12.25, 5.75, 0.5, -12.5, 5, 0.5, -12.5, 6.25, 0.5, -11.25, 3, 0.5, -15, 2.25, 0.5, -15, 0.25, 0.5, -12.75, 5, 0.5, -12.5, 7, 0.5, -10.25, 6.25, 0.5, -11.25, 5, 0.5, -12.5, 3, 0.5, -6.75, 0.25, 0.5, -12.75, -1, 0.5, -11.75, -3.5, 0.5, -9.25, 0.75, 0.5, -4.75, 3, 0.5, -6.75, 5, 0.5, -12.5, 0.75, 0.5, -4.75, 2, 0.5, -5.75, 3, 0.5, -6.75, -11, 2.5, -13.75, -10.5, 2.5, -12.5, -9.75, 2.5, -13.5, -9, 1.75, -12.75, -9, 1.75, -12, -8.5, 1.75, -12, -8.25, 1.75, -12.75, -8.25, 1.75, -13.75, -8.75, 1.75, -13.75, 12.25, 6.25, -12.5, 16.5, 6.25, -7, 17.25, 6.25, -7, 18.5, 6.25, -8.25, 14.25, 6.25, -13.75, 13.5, 6.25, -13.75, 16.75, 3.25, -7.5, 17.75, 3.25, -8, 17.75, 3.5, -8.75, 14, 3.25, -13.25, 12.75, 3.25, -12.5, 16.5, 0.5, -7.25, 17.75, 0.5, -8, 14.25, 0.5, -13.25, 13, 0.5, -12.5, 10.25, 0.5, -3, 10.75, 0.5, -2.25, 12, 0.5, -3.5, 11.75, 0.5, -11.5, 9, 0.5, -10.5, 9, 0.5, -10, 8.75, 0.5, -3, 10.25, 0.5, -3, 12, 0.5, -3.5, 12, 0.5, -3.5, 12.75, 0.5, -3.5, 15, 0.5, -7, 4.25, 0.5, -5.5, 7.5, 0.5, -2, 8.75, 0.5, -3, 15, 0.5, -7, 11.75, 0.5, -11.5, 9, 0.5, -10, 4.25, 0.5, -5.5, 8.75, 0.5, -3, 12, 0.5, -3.5, -17.5, 3.5, -9.5, -17.5, 3.25, -7.25, -16.75, 3.25, -7.25, -11.5, 3.5, -7, -10.25, 3.25, -7.25, -10.25, 3.5, -9.5, -17.5, 3.5, -9.5, -16.75, 3.25, -7.25, -12, 3.5, -4, -11.5, 3.25, -4.25, -11.5, 3.5, -7, -16.75, 3.25, -7.25, -16.5, 3.5, -6.25, -16.5, 3.5, -6.25, -18.75, 3.25, -6, -18.75, 3.5, -3.75, -12, 3.5, -4, -17.25, 0.5, -7.5, -10.5, 0.5, -7.5, -10.5, 0.5, -9, -17.25, 0.5, -9.25, -2, 3.5, -1.75, 0, 3.5, -3, -4.75, 3.5, -8.5, -6.5, 3.5, -7.25, -4.75, 0.5, -7.75, -5.75, 0.5, -7.25, -5.75, 0.5, -6.5, -1.75, 0.5, -2.25, -0.75, 0.5, -3, -7.75, 0.5, -6.5, -7.75, 0.5, -7.25, -9.25, 0.5, -7.25, -9.5, 0.5, -6.25, -12, 0.5, 6, -9, 0.5, 7.75, -5.25, 0.5, 3.5, -9.5, 0.5, -6.25, -10.5, 0.5, -6.25, -10.5, 0.5, -3.5, -10.5, 0.5, -3.5, -12.25, 0.5, -3.25, -12.25, 0.5, -0.25, -7.75, 0.5, -6.5, -9.5, 0.5, -6.25, -10.5, 0.5, -3.5, -5.25, 0.5, 3.5, -4.5, 0.5, 3.5, -3, 0.5, -1.25, -3, 0.5, -1.75, -3, 0.5, -1.75, -7.75, 0.5, -6.5, -10.5, 0.5, -3.5, -12.25, 0.5, -0.25, -12, 0.5, 6, -5.25, 0.5, 3.5, 18.25, 0.5, -5.5, 18.75, 0.5, -5.75, 18.5, 0.5, -6.5, 17, 0.5, -5.5, 19.25, 0.5, 1.25, 19.5, 0.5, -2.5, 18.75, 0.5, -2.75, 15.25, 0.5, -1.25, 17.25, 0.5, 1.5, 18.25, 0.5, -4.5, 18.25, 0.5, -5.5, 17, 0.5, -5.5, 18.25, 0.5, -4.5, 17, 0.5, -5.5, 16, 0.5, -5.5, 12.75, 0.5, -3.5, 15.25, 0.5, -1.25, 18.75, 0.5, -2.75, 16, 0.5, -5.5, 15, 0.5, -7, 12.75, 0.5, -3.5, -18.5, 0.5, -5.75, -18.5, 0.5, -4.25, -12, 0.5, -4.5, -12, 0.5, -6, 4.25, 0.5, -5.5, 3.25, 0.5, -5.75, 3, 0.5, -5.5, 3, 0.5, -4.5, 6.5, 0.5, -1.25, 7.5, 0.5, -2, -2.5, 0.5, 5.25, -2, 0.5, 5.25, -1.5, 0.5, 4.25, -4.5, 0.5, 3.5, 5.75, 0.5, 1.5, 6.5, 0.5, -1.25, 3, 0.5, -4.5, -1.25, 0.5, -0.5, -0.5, 0.5, 4.25, 1.5, 0.5, 6.25, 5.75, 0.5, 1.5, 7, 0.5, 0.75, 6.5, 0.5, -1.25, 1.5, 0.5, 6.25, 6, 0.5, 2.75, 5.75, 0.5, 1.5, -4.5, 0.5, 3.5, -1.5, 0.5, 4.25, -0.5, 0.5, 4.25, -1.25, 0.5, -0.5, -2.25, 0.5, -0.5, -2.25, 0.5, -0.5, -3, 0.5, -1.25, -4.5, 0.5, 3.5, -19.5, 0.5, 2.75, -18.75, 0.5, 5.5, -17, 0.5, 5, -17.25, 0.5, 0, -19.5, 0.5, -2.75, -17.25, 0.5, 0, -12.25, 0.5, -0.25, -12.25, 0.5, -3.25, -19.5, 0.5, -2.75, 7.75, 1.75, -0.75, 7.75, 1.75, -0.25, 8.25, 1.75, -0.25, 9.75, 1.75, -1.5, 9, 1.75, -1.75, 8.5, 0.5, 3.25, 13.25, 0.5, -0.75, 12.25, 0.5, -1.75, 7.5, 0.5, 2, 15, 3.5, 2.25, 15.5, 3.5, 2.25, 15.5, 3.5, 1.75, 13.75, 3.5, 0.25, 9.5, 3.5, 3.75, 8.75, 3.5, 5.5, 10, 3.5, 7, 15, 3.5, 2.25, 13.75, 3.5, 0.25, 11.75, 3.25, -1, 13.75, 3.5, 0.25, 13.5, 3.5, -1.25, 11.75, 3.25, -1, 6.75, 3.5, 2, 8, 3.5, 3.75, 9.5, 3.5, 3.75, 11.75, 3.25, -1, 11.5, 3.25, -1.5, -14.5, 0.5, 2.25, -15.25, 0.5, 2.5, -15, 0.5, 3, -14.25, 0.5, 3, -13.25, 0.5, 1, -14.5, 0.5, 1, -14.5, 0.5, 2.25, -14.25, 0.5, 3, -13.25, 0.5, 3.75, -14.25, 0.5, 3, -14, 0.5, 3.75, -13.25, 0.5, 3.75, 9.75, 0.5, 5, 9.25, 0.5, 5, 10.25, 0.5, 6.25, 14.75, 0.5, 2.25, 13.75, 0.5, 1, 9.75, 0.5, 5, 10.25, 0.5, 6.25, 2, 0.5, 6.5, 1.5, 0.5, 7.75, 2, 0.5, 8, 7, 0.5, 8.5, 8.25, 0.5, 9.75, 9.5, 0.5, 8, 7, 0.5, 8.5, 9.5, 0.5, 8, 7.5, 0.5, 5.75, 6.25, 0.5, 8.5, 2, 0.5, 6.5, 2, 0.5, 8, 2.25, 0.5, 9.5, 5, 0.5, 10.5, 6.25, 0.5, 8.5, 7.5, 0.5, 5.75, 7.5, 0.5, 4.5, 6, 0.5, 2.75, 1.5, 0.5, 6.25, 2, 0.5, 6.5, 6.25, 0.5, 8.5, 2.25, 0.5, 9.5, 1, 0.5, 11, 2, 0.5, 12.75, 5, 0.5, 10.5, 17.25, 0.5, 4.25, 16.75, 0.5, 3, 16, 0.5, 2.75, 13, 0.5, 5.5, 15, 0.5, 7, 18.25, 0.5, 7.5, 18.25, 0.5, 7.5, 19.25, 0.5, 4, 17.25, 0.5, 4.25, 9.5, 0.5, 8, 8.25, 0.5, 9.75, 10.25, 0.5, 11.5, 14.25, 0.5, 10, 15, 0.5, 8.5, 16.25, 0.5, 11.25, 18.25, 0.5, 7.5, 15, 0.5, 7, 14.25, 0.5, 10, 10.25, 0.5, 11.5, 9.75, 0.5, 13.5, 11.5, 0.5, 15.75, 14, 0.5, 14, 16.25, 0.5, 11.25, 16.25, 0.5, 11.25, 15, 0.5, 8.5, 14.25, 0.5, 10, -6.75, 3.25, 7.25, -8.5, 3.5, 8.75, -8, 3.25, 9, -3.25, 3.5, 6, -3.25, 3.5, 6, -5, 3.5, 4.75, -6.75, 3.25, 7.25, -14, 0.5, 14, -12.5, 0.5, 15, -11.5, 0.5, 13.25, -11.5, 0.5, 13.25, -10.5, 0.5, 13.25, -9.5, 0.5, 11.5, -10.75, 0.5, 10.5, -10.75, 0.5, 9.75, -12.5, 0.5, 6.75, -14.5, 0.5, 7, -17, 0.5, 10, -14, 0.5, 14, -11.5, 0.5, 13.25, -14.5, 0.5, 7, -15, 0.5, 5, -17, 0.5, 5, -18.75, 0.5, 5.5, -17, 0.5, 10, -11.5, 0.5, 13.25, -10.75, 0.5, 10.5, -10.75, 0.5, 9.75, -9, 0.5, 7.75, -12, 0.5, 6, -12.5, 0.5, 6.75, -10.75, 0.5, 9.75, -8.75, 0.5, 9.75, -7.75, 0.5, 11, -3.75, 0.5, 6.5, -4.75, 0.5, 5.25, -0.75, 3.5, 5.75, 0, 3.25, 7.5, 0.75, 3.5, 7, -8, 6.5, 10, -6.75, 6.5, 12, -0.75, 6.5, 8.25, -2, 6.5, 6.25, -0.5, 0.5, 6.25, -1.25, 0.5, 6.25, -1.25, 0.5, 6.75, 0, 0.5, 7.25, -0.5, 0.5, 6.25, -1.25, 0.5, 6.75, -5, 0.5, 10.5, -4, 0.5, 11.75, 13.5, 1.75, 8.25, 14, 1.75, 8, 12.75, 1.75, 6.75, 11.75, 1.75, 6.75, -1.25, 3.5, 8.25, -1.75, 3.5, 7, -2.25, 3.5, 7, -7.25, 3.5, 10, -7.25, 3.5, 10.5, -5.5, 3.5, 10.75, 1, 1.75, 9.25, 1, 1.75, 8.75, 0.5, 1.75, 8.75, -0.25, 1.75, 9.5, 0, 1.75, 10.25, 6.25, 3.5, 10.5, 1, 3.5, 14.75, 1.25, 3.5, 15.75, 2.5, 3.5, 16.75, 7.75, 3.5, 12.5, 7.75, 3.5, 11.75, 2, 0.5, 12.75, 1, 0.5, 11, 0.25, 0.5, 11.75, -8.25, 0.5, 12.75, -9.5, 0.5, 11.5, -10.5, 0.5, 13.25, -10.25, 0.5, 14.25, -1.5, 0.5, 17.5, -0.75, 0.5, 17.25, -0.25, 0.5, 15.5, -0.25, 0.5, 14.5, -3.5, 0.5, 13.5, -4.5, 0.5, 13.5, -8.25, 0.5, 12.75, -11.5, 0.5, 16, -7.5, 0.5, 18.25, -2, 0.5, 19.5, -1.5, 0.5, 17.5, -4.5, 0.5, 13.5, -0.25, 0.5, 14.5, 2, 0.5, 12.75, 0.25, 0.5, 11.75, -2, 0.75, 11.5, -3.5, 0.5, 13.5, -4.5, 0.5, 13.5, -5.75, 0.5, 12.25, -8.25, 0.5, 12.75, -8.25, 0.5, 12.75, -10.25, 0.5, 14.25, -11.5, 0.5, 16, 2.75, 0.5, 16, 7.25, 0.5, 12.25, 6.25, 0.5, 11, 1.5, 0.5, 15, -4.75, 3.5, 11.75, -4.5, 3.5, 12.25, -3.5, 3.5, 12, -0.25, 0.5, 15.5, -0.75, 0.5, 17.25, -0.25, 0.5, 17.5, 1.75, 0.5, 18, 11.5, 0.5, 15.75, 9.75, 0.5, 13.5, 8.75, 0.5, 13.75, 1.75, 0.5, 18, -0.25, 0.5, 17.5, -0.5, 0.5, 19.5, 2.75, 0.5, 19.5, 11.5, 0.5, 15.75, 8.75, 0.5, 13.75, 8, 0.5, 13.25, 2.75, 0.5, 18, 2.75, 0.5, 19.5, 7.5, 0.5, 18.25, 2.75, 0.5, 18, 1.75, 0.5, 18, 2.75, 0.5, 19.5)
polygons = [PackedInt32Array(2, 1, 3), PackedInt32Array(3, 1, 0), PackedInt32Array(5, 4, 6), PackedInt32Array(6, 4, 7), PackedInt32Array(7, 4, 8), PackedInt32Array(8, 4, 9), PackedInt32Array(12, 11, 10), PackedInt32Array(14, 13, 15), PackedInt32Array(15, 13, 17), PackedInt32Array(15, 17, 16), PackedInt32Array(19, 18, 20), PackedInt32Array(20, 18, 21), PackedInt32Array(23, 22, 24), PackedInt32Array(24, 22, 25), PackedInt32Array(28, 27, 29), PackedInt32Array(29, 27, 26), PackedInt32Array(31, 30, 32), PackedInt32Array(32, 30, 33), PackedInt32Array(36, 35, 34), PackedInt32Array(38, 37, 39), PackedInt32Array(42, 41, 40), PackedInt32Array(43, 48, 44), PackedInt32Array(44, 48, 45), PackedInt32Array(45, 48, 46), PackedInt32Array(46, 48, 47), PackedInt32Array(50, 49, 51), PackedInt32Array(51, 49, 52), PackedInt32Array(54, 53, 55), PackedInt32Array(55, 53, 56), PackedInt32Array(56, 53, 57), PackedInt32Array(57, 53, 58), PackedInt32Array(59, 63, 60), PackedInt32Array(60, 63, 61), PackedInt32Array(61, 63, 62), PackedInt32Array(65, 64, 66), PackedInt32Array(66, 64, 67), PackedInt32Array(70, 69, 68), PackedInt32Array(73, 72, 71), PackedInt32Array(75, 74, 76), PackedInt32Array(76, 74, 77), PackedInt32Array(80, 79, 81), PackedInt32Array(81, 79, 78), PackedInt32Array(83, 82, 84), PackedInt32Array(84, 82, 85), PackedInt32Array(87, 86, 88), PackedInt32Array(88, 86, 89), PackedInt32Array(91, 90, 92), PackedInt32Array(92, 90, 93), PackedInt32Array(95, 94, 96), PackedInt32Array(96, 94, 99), PackedInt32Array(96, 99, 98), PackedInt32Array(96, 98, 97), PackedInt32Array(102, 101, 100), PackedInt32Array(105, 104, 103), PackedInt32Array(107, 106, 108), PackedInt32Array(108, 106, 109), PackedInt32Array(109, 106, 111), PackedInt32Array(109, 111, 110), PackedInt32Array(117, 116, 112), PackedInt32Array(112, 116, 113), PackedInt32Array(113, 116, 114), PackedInt32Array(114, 116, 115), PackedInt32Array(119, 118, 120), PackedInt32Array(120, 118, 121), PackedInt32Array(121, 118, 122), PackedInt32Array(126, 125, 123), PackedInt32Array(123, 125, 124), PackedInt32Array(129, 128, 127), PackedInt32Array(132, 131, 130), PackedInt32Array(135, 134, 133), PackedInt32Array(138, 137, 136), PackedInt32Array(141, 140, 139), PackedInt32Array(147, 146, 142), PackedInt32Array(142, 146, 143), PackedInt32Array(143, 146, 144), PackedInt32Array(144, 146, 145), PackedInt32Array(150, 149, 148), PackedInt32Array(152, 151, 153), PackedInt32Array(153, 151, 155), PackedInt32Array(153, 155, 154), PackedInt32Array(157, 156, 158), PackedInt32Array(158, 156, 160), PackedInt32Array(158, 160, 159), PackedInt32Array(162, 161, 163), PackedInt32Array(163, 161, 164), PackedInt32Array(166, 165, 167), PackedInt32Array(167, 165, 168), PackedInt32Array(172, 171, 169), PackedInt32Array(169, 171, 170), PackedInt32Array(174, 173, 175), PackedInt32Array(175, 173, 176), PackedInt32Array(176, 173, 177), PackedInt32Array(179, 178, 180), PackedInt32Array(180, 178, 181), PackedInt32Array(184, 183, 182), PackedInt32Array(187, 186, 185), PackedInt32Array(190, 189, 188), PackedInt32Array(193, 192, 191), PackedInt32Array(196, 195, 197), PackedInt32Array(197, 195, 194), PackedInt32Array(200, 199, 201), PackedInt32Array(201, 199, 198), PackedInt32Array(201, 198, 203), PackedInt32Array(201, 203, 202), PackedInt32Array(205, 204, 206), PackedInt32Array(206, 204, 207), PackedInt32Array(209, 208, 210), PackedInt32Array(210, 208, 212), PackedInt32Array(210, 212, 211), PackedInt32Array(215, 214, 213), PackedInt32Array(217, 216, 218), PackedInt32Array(218, 216, 221), PackedInt32Array(218, 221, 220), PackedInt32Array(218, 220, 219), PackedInt32Array(224, 223, 222), PackedInt32Array(228, 227, 225), PackedInt32Array(225, 227, 226), PackedInt32Array(231, 230, 232), PackedInt32Array(232, 230, 229), PackedInt32Array(232, 229, 233), PackedInt32Array(233, 229, 234), PackedInt32Array(236, 235, 237), PackedInt32Array(237, 235, 238), PackedInt32Array(240, 239, 241), PackedInt32Array(241, 239, 242), PackedInt32Array(242, 239, 243), PackedInt32Array(243, 239, 244), PackedInt32Array(247, 246, 245), PackedInt32Array(248, 250, 249), PackedInt32Array(252, 251, 253), PackedInt32Array(253, 251, 255), PackedInt32Array(253, 255, 254), PackedInt32Array(258, 257, 256), PackedInt32Array(260, 259, 261), PackedInt32Array(261, 259, 262), PackedInt32Array(262, 259, 263), PackedInt32Array(265, 264, 266), PackedInt32Array(266, 264, 267), PackedInt32Array(269, 268, 270), PackedInt32Array(270, 268, 272), PackedInt32Array(270, 272, 271), PackedInt32Array(275, 274, 276), PackedInt32Array(276, 274, 273), PackedInt32Array(278, 277, 279), PackedInt32Array(279, 277, 280), PackedInt32Array(282, 281, 283), PackedInt32Array(283, 281, 284), PackedInt32Array(284, 281, 285), PackedInt32Array(285, 281, 286), PackedInt32Array(289, 288, 287), PackedInt32Array(291, 290, 292), PackedInt32Array(292, 290, 293), PackedInt32Array(293, 290, 294), PackedInt32Array(296, 295, 297), PackedInt32Array(297, 295, 298), PackedInt32Array(302, 301, 303), PackedInt32Array(303, 301, 300), PackedInt32Array(303, 300, 299), PackedInt32Array(306, 305, 304), PackedInt32Array(308, 307, 309), PackedInt32Array(311, 310, 312), PackedInt32Array(312, 310, 313), PackedInt32Array(314, 316, 315), PackedInt32Array(319, 318, 317), PackedInt32Array(323, 322, 320), PackedInt32Array(320, 322, 321), PackedInt32Array(325, 324, 326), PackedInt32Array(326, 324, 327), PackedInt32Array(327, 324, 328), PackedInt32Array(330, 329, 331), PackedInt32Array(331, 329, 334), PackedInt32Array(331, 334, 333), PackedInt32Array(331, 333, 332), PackedInt32Array(336, 335, 337), PackedInt32Array(337, 335, 338), PackedInt32Array(340, 339, 341), PackedInt32Array(341, 339, 342), PackedInt32Array(342, 339, 343), PackedInt32Array(343, 339, 344), PackedInt32Array(345, 347, 346), PackedInt32Array(349, 348, 350), PackedInt32Array(350, 348, 351), PackedInt32Array(355, 354, 352), PackedInt32Array(352, 354, 353), PackedInt32Array(358, 357, 359), PackedInt32Array(359, 357, 360), PackedInt32Array(360, 357, 356), PackedInt32Array(360, 356, 361), PackedInt32Array(364, 363, 362), PackedInt32Array(366, 365, 367), PackedInt32Array(367, 365, 368), PackedInt32Array(371, 370, 369), PackedInt32Array(374, 373, 372), PackedInt32Array(376, 375, 377), PackedInt32Array(377, 375, 378), PackedInt32Array(380, 379, 381), PackedInt32Array(381, 379, 382), PackedInt32Array(382, 379, 384), PackedInt32Array(382, 384, 383), PackedInt32Array(386, 385, 387), PackedInt32Array(387, 385, 388), PackedInt32Array(388, 385, 389), PackedInt32Array(392, 391, 390), PackedInt32Array(394, 393, 395), PackedInt32Array(395, 393, 396), PackedInt32Array(400, 399, 397), PackedInt32Array(397, 399, 398), PackedInt32Array(403, 402, 401), PackedInt32Array(407, 406, 404), PackedInt32Array(404, 406, 405), PackedInt32Array(410, 409, 408), PackedInt32Array(412, 411, 413), PackedInt32Array(413, 411, 414), PackedInt32Array(414, 411, 415), PackedInt32Array(417, 416, 418), PackedInt32Array(418, 416, 419), PackedInt32Array(421, 420, 422), PackedInt32Array(422, 420, 425), PackedInt32Array(422, 425, 423), PackedInt32Array(423, 425, 424), PackedInt32Array(427, 426, 428), PackedInt32Array(428, 426, 429), PackedInt32Array(429, 426, 430), PackedInt32Array(433, 432, 434), PackedInt32Array(434, 432, 435), PackedInt32Array(435, 432, 436), PackedInt32Array(436, 432, 431), PackedInt32Array(439, 438, 437), PackedInt32Array(443, 442, 440), PackedInt32Array(440, 442, 441), PackedInt32Array(445, 444, 446), PackedInt32Array(446, 444, 447), PackedInt32Array(447, 444, 448), PackedInt32Array(448, 444, 449), PackedInt32Array(454, 453, 455), PackedInt32Array(455, 453, 452), PackedInt32Array(455, 452, 450), PackedInt32Array(450, 452, 451), PackedInt32Array(457, 456, 458), PackedInt32Array(458, 456, 459), PackedInt32Array(459, 456, 460), PackedInt32Array(463, 462, 461), PackedInt32Array(466, 465, 464), PackedInt32Array(468, 467, 469), PackedInt32Array(469, 467, 470), PackedInt32Array(473, 472, 471), PackedInt32Array(475, 474, 476), PackedInt32Array(476, 474, 477), PackedInt32Array(480, 479, 478), PackedInt32Array(482, 481, 483), PackedInt32Array(483, 481, 484), PackedInt32Array(486, 485, 487), PackedInt32Array(487, 485, 490), PackedInt32Array(487, 490, 488), PackedInt32Array(488, 490, 489), PackedInt32Array(493, 492, 491)]

[sub_resource type="CylinderShape3D" id="CylinderShape3D_tasar"]
height = 1.0
radius = 20.0

[sub_resource type="StandardMaterial3D" id="StandardMaterial3D_ojl3h"]
albedo_color = Color(0.690196, 0.498039, 0.427451, 1)

[sub_resource type="CylinderMesh" id="CylinderMesh_76igq"]
material = SubResource("StandardMaterial3D_ojl3h")
top_radius = 20.0
bottom_radius = 20.0
height = 1.0

[node name="Level6" type="Node3D"]

[node name="Label3D" type="Label3D" parent="."]
transform = Transform3D(1, 0, 0, 0, 0.965926, -0.258819, 0, 0.258819, 0.965926, 0, 20, -46.4831)
modulate = Color(1, 0.192157, 0.356863, 1)
outline_modulate = Color(0.498039, 0.219608, 0.266667, 1)
text = "LEVEL SIX"
font_size = 2000
outline_size = 100

[node name="NavigationRegion3D" type="NavigationRegion3D" parent="."]
navigation_mesh = SubResource("NavigationMesh_5xwtj")

[node name="StaticBody3D" type="StaticBody3D" parent="."]
transform = Transform3D(1, 0, 0, 0, 1, 0, 0, 0, 1, 0, -0.5, 0)

[node name="CollisionShape3D" type="CollisionShape3D" parent="StaticBody3D"]
shape = SubResource("CylinderShape3D_tasar")

[node name="MeshInstance3D" type="MeshInstance3D" parent="StaticBody3D"]
mesh = SubResource("CylinderMesh_76igq")

[node name="pillar" parent="." instance=ExtResource("6_fhla5")]
transform = Transform3D(1, 0, 0, 0, 1, 0, 0, 0, 1, -12.6036, 4.76837e-07, 0.493091)

[node name="pillar2" parent="." instance=ExtResource("6_fhla5")]
transform = Transform3D(1, 0, 0, 0, 1, 0, 0, 0, 1, -12.6036, 4.76837e-07, 4.34376)

[node name="pillar3" parent="." instance=ExtResource("6_fhla5")]
transform = Transform3D(1, 0, 0, 0, 1, 0, 0, 0, 1, -16.6181, 4.76837e-07, 4.34376)

[node name="pillar4" parent="." instance=ExtResource("6_fhla5")]
transform = Transform3D(1, 0, 0, 0, 1, 0, 0, 0, 1, -16.6181, 4.76837e-07, 0.468706)

[node name="grid_tile_large" parent="." instance=ExtResource("5_ria5b")]
transform = Transform3D(-4.37114e-08, 0, -1, 0, 1, 0, 1, 0, -4.37114e-08, -12.582, 0, 2.39223)

[node name="grid_tile_large4" parent="." instance=ExtResource("5_ria5b")]
transform = Transform3D(-4.37114e-08, 0, -1, 0, 1, 0, 1, 0, -4.37114e-08, -16.6058, 0, 2.39223)

[node name="grid_tile_large2" parent="." instance=ExtResource("5_ria5b")]
transform = Transform3D(-1, 0, 8.74228e-08, 0, 1, 0, -8.74228e-08, 0, -1, -14.607, 0, 4.36832)

[node name="grid_tile_large3" parent="." instance=ExtResource("5_ria5b")]
transform = Transform3D(-1, 0, 8.74228e-08, 0, 1, 0, -8.74228e-08, 0, -1, -14.607, 0, 0.454446)

[node name="jumper" parent="." instance=ExtResource("3_a6lkq")]
transform = Transform3D(-0.894357, 0, 0.447353, 0, 1, 0, -0.447353, 0, -0.894357, -15.5567, 0.00234294, 1.33515)

[node name="wheel" parent="." instance=ExtResource("7_1x57b")]
transform = Transform3D(0.986655, -0.162827, 0, 0.162012, 0.981721, 0.0998755, -0.0162624, -0.0985426, 0.995, -15.593, 0.101493, 1.381)

[node name="wheel2" parent="." instance=ExtResource("7_1x57b")]
transform = Transform3D(0.555404, -0.831572, 0.00387662, 0.813837, 0.54259, -0.208006, 0.170868, 0.118682, 0.97812, -15.7269, 1.01974, 1.25782)

[node name="wheel3" parent="." instance=ExtResource("7_1x57b")]
transform = Transform3D(-0.841464, 0, -0.540314, 0, 1, 0, 0.540314, 0, -0.841464, -15.7853, 0.0922148, 3.62097)

[node name="wheel4" parent="." instance=ExtResource("7_1x57b")]
transform = Transform3D(-0.841464, 0, -0.540314, 0, 1, 0, 0.540314, 0, -0.841464, -15.7853, 0.332028, 3.62097)

[node name="wheel5" parent="." instance=ExtResource("7_1x57b")]
transform = Transform3D(-0.841464, 0, -0.540314, 0, 1, 0, 0.540314, 0, -0.841464, -15.7853, 0.582557, 3.62097)

[node name="wheel6" parent="." instance=ExtResource("7_1x57b")]
transform = Transform3D(-0.00537515, -0.841446, -0.540314, -0.99998, 0.00638786, 0, 0.00345145, 0.540303, -0.841464, -15.7853, 1.01823, 3.62097)

[node name="junkbox" parent="." instance=ExtResource("4_hsoyd")]
transform = Transform3D(1, 0, 0, 0, 1, 0, 0, 0, 1, -14.8142, 0, 3.85122)

[node name="rock" parent="." instance=ExtResource("8_hulgm")]
transform = Transform3D(1, 0, 0, 0, 1.5, 0, 0, 0, 1.5, -13.8095, 0, 5.32293)

[node name="rock2" parent="." instance=ExtResource("8_hulgm")]
transform = Transform3D(0.441709, 0.897086, 0.0113713, -0.892574, 0.438137, 0.106527, 0.0905814, -0.0572034, 0.994245, -13.2054, 0.526867, 5.32901)

[node name="cargo_red" parent="." instance=ExtResource("7_rvhlx")]
transform = Transform3D(0.749695, 0, -0.661783, 0, 1, 0, 0.661783, 0, 0.749695, -6.25234, 9.53674e-07, 8.14299)

[node name="cargo_red4" parent="." instance=ExtResource("7_rvhlx")]
transform = Transform3D(0.749695, 0, -0.661783, 0, 1, 0, 0.661783, 0, 0.749695, -2.50598, 9.53674e-07, 8.94777)

[node name="cargo_red5" parent="." instance=ExtResource("7_rvhlx")]
transform = Transform3D(0.516339, 0, -0.856384, 0, 1, 0, 0.856384, 0, 0.516339, -4.31782, 3.06743, 9.13237)

[node name="cargo_red6" parent="." instance=ExtResource("7_rvhlx")]
transform = Transform3D(0.669973, 0, -0.742385, 0, 1, 0, 0.742385, 0, 0.669973, 12.0628, 0.0861335, 3.59872)

[node name="cargo_red2" parent="." instance=ExtResource("7_rvhlx")]
transform = Transform3D(0.0496516, 0, -0.998767, 0, 1, 0, 0.998767, 0, 0.0496516, -15.1634, 2.38419e-06, -5.08771)

[node name="cargo_red3" parent="." instance=ExtResource("7_rvhlx")]
transform = Transform3D(-0.00687657, 0, -0.999976, 0, 1, 0, 0.999976, 0, -0.00687657, -13.8587, 2.38419e-06, -8.34719)

[node name="cargo_red7" parent="." instance=ExtResource("7_rvhlx")]
transform = Transform3D(-0.741004, 0, -0.671501, 0, 1, 0, 0.671501, 0, -0.741004, -3.33246, 1.43051e-06, -5.09388)

[node name="cargo" parent="." instance=ExtResource("3_wk37n")]
transform = Transform3D(0.631353, 0, -0.775496, 0, 1, 0, 0.775496, 0, 0.631353, 10.3626, 0, 0.715742)

[node name="cargo3" parent="." instance=ExtResource("3_wk37n")]
transform = Transform3D(0.631353, 0, -0.775496, 0, 1, 0, 0.775496, 0, 0.631353, 4.37542, 0, 13.5954)

[node name="fence" parent="." instance=ExtResource("9_1qet8")]
transform = Transform3D(0.95921, 0, 0.282693, 0, 1, 0, -0.282693, 0, 0.95921, 18.707, 2.38419e-07, 3.27015)

[node name="fence2" parent="." instance=ExtResource("9_1qet8")]
transform = Transform3D(-0.0803902, 0, -0.996763, 0, 1, 0, 0.996763, 0, -0.0803902, 19.7557, 0, 1.97318)

[node name="fence3" parent="." instance=ExtResource("9_1qet8")]
transform = Transform3D(0.382296, 0, -0.92404, 0, 1, 0, 0.92404, 0, 0.382296, 14.9712, 0.0161004, 0.220655)

[node name="fence20" parent="." instance=ExtResource("9_1qet8")]
transform = Transform3D(0.587729, 0, -0.809058, 0, 1, 0, 0.809058, 0, 0.587729, 15.6873, 0.0161004, 0.848915)

[node name="fence4" parent="." instance=ExtResource("9_1qet8")]
transform = Transform3D(0.259645, 0, -0.965704, 0, 1, 0, 0.965704, 0, 0.259645, 19.2749, 0, -4.05859)

[node name="junkbox_large" parent="." instance=ExtResource("1_474ec")]
transform = Transform3D(0.637921, 0, 0.770101, 0, 1, 0, -0.770101, 0, 0.637921, 0.0983107, 0, 9.57738)

[node name="junkbox_large4" parent="." instance=ExtResource("1_474ec")]
transform = Transform3D(-0.842067, 0, 0.539373, 0, 1, 0, -0.539373, 0, -0.842067, 12.8573, 0, 7.37225)

[node name="junkbox2" parent="." instance=ExtResource("4_hsoyd")]
transform = Transform3D(1, 0, 0, 0, 1, 0, 0, 0, 1, 12.4133, 3, -1.77424)

[node name="fence5" parent="." instance=ExtResource("9_1qet8")]
transform = Transform3D(-0.675526, 0, 0.737336, 0, 1, 0, -0.737336, 0, -0.675526, 7.51899, 0, -11.1044)

[node name="fence18" parent="." instance=ExtResource("9_1qet8")]
transform = Transform3D(-0.675526, 0, 0.737336, 0, 1, 0, -0.737336, 0, -0.675526, 3.46584, 0, -15.5284)

[node name="fence19" parent="." instance=ExtResource("9_1qet8")]
transform = Transform3D(-0.675526, 0, 0.737336, 0, 1, 0, -0.737336, 0, -0.675526, 4.81689, 0, -14.0537)

[node name="fence6" parent="." instance=ExtResource("9_1qet8")]
transform = Transform3D(0.737336, 0, 0.675526, 0, 1, 0, -0.675526, 0, 0.737336, 7.45718, 0, -9.69154)

[node name="fence7" parent="." instance=ExtResource("9_1qet8")]
transform = Transform3D(0.737336, 0, 0.675526, 0, 1, 0, -0.675526, 0, 0.737336, 5.98251, 0, -8.34049)

[node name="fence8" parent="." instance=ExtResource("9_1qet8")]
transform = Transform3D(0.737336, 0, 0.675526, 0, 1, 0, -0.675526, 0, 0.737336, 4.50784, 0, -6.98943)

[node name="fence9" parent="." instance=ExtResource("9_1qet8")]
transform = Transform3D(0.737336, 0, 0.675526, 0, 1, 0, -0.675526, 0, 0.737336, 1.55849, 0, -4.28733)

[node name="fence10" parent="." instance=ExtResource("9_1qet8")]
transform = Transform3D(-0.675526, 0, 0.737336, 0, 1, 0, -0.737336, 0, -0.675526, 0.145628, 0, -4.34914)

[node name="fence11" parent="." instance=ExtResource("9_1qet8")]
transform = Transform3D(-0.675526, 0, 0.737336, 0, 1, 0, -0.737336, 0, -0.675526, -1.20542, 0, -5.82381)

[node name="fence12" parent="." instance=ExtResource("9_1qet8")]
transform = Transform3D(-0.675526, 0, 0.737336, 0, 1, 0, -0.737336, 0, -0.675526, -2.55648, 0, -7.29849)

[node name="fence13" parent="." instance=ExtResource("9_1qet8")]
transform = Transform3D(-0.675526, 0, 0.737336, 0, 1, 0, -0.737336, 0, -0.675526, -3.90753, 0, -8.77316)

[node name="fence14" parent="." instance=ExtResource("9_1qet8")]
transform = Transform3D(0.737336, 0, 0.675526, 0, 1, 0, -0.675526, 0, 0.737336, -3.84572, 0, -10.186)

[node name="fence15" parent="." instance=ExtResource("9_1qet8")]
transform = Transform3D(0.737336, 0, 0.675526, 0, 1, 0, -0.675526, 0, 0.737336, -2.37104, 0, -11.5371)

[node name="fence16" parent="." instance=ExtResource("9_1qet8")]
transform = Transform3D(0.737336, 0, 0.675526, 0, 1, 0, -0.675526, 0, 0.737336, 2.05297, 0, -15.5902)

[node name="fence17" parent="." instance=ExtResource("9_1qet8")]
transform = Transform3D(0.737336, 0, 0.675526, 0, 1, 0, -0.675526, 0, 0.737336, 0.578301, 0, -14.2392)

[node name="cargo2" parent="." instance=ExtResource("3_wk37n")]
transform = Transform3D(0.815006, 0, 0.579452, 0, 1, 0, -0.579452, 0, 0.815006, 15.4024, 0, -10.2191)

[node name="box" parent="." instance=ExtResource("11_oy7m2")]
transform = Transform3D(1, 0, 0, 0, 1, 0, 0, 0, 1, -10.4386, 0, -12.5804)

[node name="box6" parent="." instance=ExtResource("11_oy7m2")]
transform = Transform3D(0.991981, 0, -0.126389, 0, 1, 0, 0.126389, 0, 0.991981, -10.4647, 1, -12.6132)

[node name="box2" parent="." instance=ExtResource("11_oy7m2")]
transform = Transform3D(1, 0, 0, 0, 1, 0, 0, 0, 1, -9.91317, 0, -13.614)

[node name="box4" parent="." instance=ExtResource("11_oy7m2")]
transform = Transform3D(-0.120518, 0, 0.992711, 0, 1, 0, -0.992711, 0, -0.120518, -9.91317, 1, -13.614)

[node name="box7" parent="." instance=ExtResource("11_oy7m2")]
transform = Transform3D(0.573305, 0, 0.819342, 0, 1, 0, -0.819342, 0, 0.573305, 8.95721, -0.0153173, 12.3368)

[node name="box9" parent="." instance=ExtResource("11_oy7m2")]
transform = Transform3D(-0.0440903, 0, 0.999028, 0, 1, 0, -0.999028, 0, -0.0440903, 17.966, -0.0153176, 2.92465)

[node name="box8" parent="." instance=ExtResource("11_oy7m2")]
transform = Transform3D(0.085021, 0.0544667, 2.50299, -0.899238, 0.0402579, -0.513528, -0.429118, -0.0735709, 1.57204, 16.9908, 1.70925, 2.37839)

[node name="box10" parent="." instance=ExtResource("11_oy7m2")]
transform = Transform3D(-0.898605, 0.0408221, 0.482472, 0.000575006, 0.0367639, -2.7899, -0.438758, -0.0835582, -0.991792, 18.0638, 1.39542, 2.54141)

[node name="box11" parent="." instance=ExtResource("11_oy7m2")]
transform = Transform3D(-0.696667, 0.0662836, 0.82324, 0.0159866, 0.0396763, -2.75334, -0.717216, -0.0635001, -0.861025, 18.7094, 1.39542, 2.77154)

[node name="box5" parent="." instance=ExtResource("11_oy7m2")]
transform = Transform3D(0.998898, 0, 0.0469321, 0, 1, 0, -0.0469321, 0, 0.998898, -10.8676, 1, -13.614)

[node name="box3" parent="." instance=ExtResource("11_oy7m2")]
transform = Transform3D(0.017086, 0, 0.999854, 0, 1, 0, -0.999854, 0, 0.017086, -10.9132, 0, -13.614)

[node name="grid_tile" parent="." instance=ExtResource("2_wd5bc")]
transform = Transform3D(-4.37114e-08, 1, 0, -1, -4.37114e-08, 0, 0, 0, 1, -9.77403, 2.43479, -7.83583)

[node name="grid_tile2" parent="." instance=ExtResource("2_wd5bc")]
transform = Transform3D(-4.37114e-08, 1, 0, -1, -4.37114e-08, 0, 0, 0, 1, -9.77403, 1.43479, -7.83583)

[node name="pillar5" parent="." instance=ExtResource("6_fhla5")]
transform = Transform3D(1, 0, 0, 0, 1, 0, 0, 0, 1, -9.78198, 2.38419e-07, -7.84996)

[node name="pillar6" parent="." instance=ExtResource("6_fhla5")]
transform = Transform3D(1, 0, 0, 0, 1, 0, 0, 0, 1, -6.87362, 2.38419e-07, -7.83941)

[node name="junkbox_large2" parent="." instance=ExtResource("1_474ec")]
transform = Transform3D(0.246669, 0, 0.951277, 0, 1, 0, -0.761022, 0, 0.308336, -8.61811, 0, -12.8979)

[node name="junkbox_large3" parent="." instance=ExtResource("1_474ec")]
transform = Transform3D(-0.825064, 0, -0.565039, 0, 1, 0, 0.565039, 0, -0.825064, 8.71848, 1.66893e-06, -0.988075)

[node name="grid_tile_big" parent="." instance=ExtResource("14_pomvp")]
transform = Transform3D(0.502718, 0, 0.86445, 0, 1, 0, -0.86445, 0, 0.502718, -11.5629, 0, 14.7341)

[node name="grid_tile_big2" parent="." instance=ExtResource("14_pomvp")]
transform = Transform3D(0.296725, 0, 0.954963, 0, 1, 0, -0.954963, 0, 0.296725, -1.13013, 0.0203384, 18.8254)

[node name="pillar7" parent="." instance=ExtResource("6_fhla5")]
transform = Transform3D(0.931831, 0, -0.362893, 0, 1, 0, 0.362893, 0, 0.931831, -12.1114, -1.19209e-07, 15.6366)

[node name="pillar8" parent="." instance=ExtResource("6_fhla5")]
transform = Transform3D(0.931831, 0, -0.362893, 0, 1, 0, 0.362893, 0, 0.931831, -11.037, 1.19209e-07, 13.8731)

[node name="pillar12" parent="." instance=ExtResource("6_fhla5")]
transform = Transform3D(0.992497, 0, -0.122268, 0, 1, 0, 0.122268, 0, 0.992497, -1.4534, 0.0203385, 19.8353)

[node name="pillar13" parent="." instance=ExtResource("6_fhla5")]
transform = Transform3D(0.992497, 0, -0.122268, 0, 1, 0, 0.122268, 0, 0.992497, -0.846255, 0.0203388, 17.8615)

[node name="stairs" parent="." instance=ExtResource("15_1dwnl")]
transform = Transform3D(0.788966, -0.614437, 0, 0.0789666, 0.101397, -0.991707, 0.609341, 0.782423, 0.128519, -6.20133, 0.522785, 11.147)

[node name="stairs2" parent="." instance=ExtResource("15_1dwnl")]
transform = Transform3D(0.552276, -0.614437, 1.58527e-08, 0.0988653, 0.181354, -1.94645, 0.418589, 0.76784, 0.459726, -6.34808, 0.993106, 11.2877)

[node name="wheel7" parent="." instance=ExtResource("7_1x57b")]
transform = Transform3D(-2.37159e-08, -0.5, -0.866025, 0.990234, -0.120737, 0.0697075, -0.139415, -0.857568, 0.495117, -7.16288, 0.5, 11.8756)

[node name="pillar9" parent="." instance=ExtResource("6_fhla5")]
transform = Transform3D(0.984205, 0.0190981, 0.176, -0.08453, 0.92421, 0.372411, -0.155548, -0.381406, 0.911227, -1.36853, 0, 10.95)

[node name="pillar10" parent="." instance=ExtResource("6_fhla5")]
transform = Transform3D(0.97944, 0.0588622, 0.192956, -0.130886, 0.913258, 0.385783, -0.15351, -0.403106, 0.902186, -1.56283, 2.38419e-07, 11.0899)

[node name="pillar11" parent="." instance=ExtResource("6_fhla5")]
transform = Transform3D(0.389229, 0.333542, 0.858633, -0.618373, 0.785493, -0.024814, -0.682727, -0.521297, 0.51199, -1.87216, -0.020277, 11.4003)

[node name="wooden_tile_large" parent="." instance=ExtResource("16_rv5ek")]
transform = Transform3D(0.812796, 0, -0.582549, 0, 1, 0, 0.582549, 0, 0.812796, 12.349, -0.127677, 8.15136)

[node name="wooden_tile_large2" parent="." instance=ExtResource("16_rv5ek")]
transform = Transform3D(0.888441, 0, -0.458991, 0, 1, 0, 0.458991, 0, 0.888441, 11.0885, -0.127676, 7.96696)

[node name="wooden_tile_large3" parent="." instance=ExtResource("16_rv5ek")]
transform = Transform3D(0.73416, -0.177789, -0.655286, 0.051266, 0.976869, -0.207603, 0.677038, 0.11882, 0.726293, 8.18779, -0.127677, 10.499)

[node name="stairs_desk" parent="." instance=ExtResource("17_63qkq")]
transform = Transform3D(0.825143, 0.564924, 0, -0.564924, 0.825143, 0, 0, 0, 1, 12.0876, 3.55072, -1.84245)

[node name="stairs_desk2" parent="." instance=ExtResource("17_63qkq")]
transform = Transform3D(-0.646866, -0.70142, 0.299291, -0.735116, 0.677942, -3.27964e-08, -0.202902, -0.220013, -0.954162, 12.6866, 3.38557, -1.75658)

[node name="wheel8" parent="." instance=ExtResource("7_1x57b")]
transform = Transform3D(0.15652, -0.756845, 0.634576, -0.183416, 0.609046, 0.771636, -0.970495, -0.237168, -0.0434889, -4.58965, 1.18448, -9.52327)

[node name="grid_tile3" parent="." instance=ExtResource("2_wd5bc")]
transform = Transform3D(0.875431, 0, 0.483344, 0, 1, 0, -0.483344, 0, 0.875431, -2.98558, 3, 10.2244)

[node name="grid_tile4" parent="." instance=ExtResource("2_wd5bc")]
transform = Transform3D(0.875431, 0, 0.483344, 0, 1, 0, -0.483344, 0, 0.875431, -3.91424, 3, 10.6861)

[node name="grid_tile5" parent="." instance=ExtResource("2_wd5bc")]
transform = Transform3D(0.797819, -0.170412, 0.578312, 0.150963, 0.98513, 0.0820275, -0.583692, 0.0218606, 0.811681, -3.30731, 3, 10.7294)

[node name="cargo_red8" parent="." instance=ExtResource("7_rvhlx")]
transform = Transform3D(0.77533, 0, 0.631556, 0, 1, 0, -0.631556, 0, 0.77533, 15.3556, 2.98809, -10.3623)

[node name="rock3" parent="." instance=ExtResource("8_hulgm")]
transform = Transform3D(0.199376, 0, 0.754541, 0, 0.7, 0, -0.565906, 0, 0.265834, 8.95946, 1.02059, 12.5043)

[node name="TeleportBackZone" parent="." instance=ExtResource("17_bq8cq")]
transform = Transform3D(1, 0, 0, 0, 1, 0, 0, 0, 1, 0, -10, 0)

[node name="TPBackPosition" type="Node3D" parent="."]
transform = Transform3D(1, 0, 0, 0, 1, 0, 0, 0, 1, -15, 0, 9.39679)

[node name="TeleportNextLevel" parent="." instance=ExtResource("18_uhr2r")]
transform = Transform3D(1, 0, 0, 0, 1, 0, 0, 0, 1, -7.45069, 0, -4.08453)
_teleportPositionOffset = Vector3(0, 150, 0)
